
   [Parameters]
sig_Mass_mean =  3.0988 +/- 0.0052664 L(2.5 - 3.5) 
sig_Mass_sigmaL =  0.069465 +/- 0.0044989 L(0.01 - 1) 
sig_Mass_sigmaR =  0.057146 +/- 0.0045510 L(0.01 - 1) 
sig_Mass_alphaL =  0.22151 +/- 0.10000 C L(0 - 1000) 
sig_Mass_alphaR =  0.14693 +/- 0.036216 C L(0 - 1000) 
bkg_Mass_p1 = -0.652850 +/- 0.023700 L(-10 - 10) 
bkg_Mass_p2 =  0.15057 +/- 0.0048058 L(-10 - 10) 
N_sig =  1904.4 +/- 62.727 L(0 - 1e+07) 
N_bkg =  2978.2 +/- 70.766 L(-100 - 1e+06) 

   [Observables]
