
   [Parameters]
sig_Mass_mean =  3.1133 +/- 0.064932 L(2.5 - 3.5) 
sig_Mass_sigmaL =  0.19584 +/- 0.057034 L(0.01 - 1) 
sig_Mass_sigmaR =  0.13998 +/- 0.059643 L(0.01 - 1) 
sig_Mass_alphaL =  0.22151 +/- 0.10000 C L(0 - 1000) 
sig_Mass_alphaR =  0.14693 +/- 0.036216 C L(0 - 1000) 
bkg_Mass_p1 =  0.21286 +/- 7.6147 L(-10 - 10) 
bkg_Mass_p2 =  9.9671 +/- 12.718 L(-10 - 10) 
N_sig =  205.64 +/- 34.370 L(0 - 1e+07) 
N_bkg =  390.41 +/- 36.951 L(-100 - 1e+06) 

   [Observables]
