
   [Parameters]
sig_Mass_mean =  90.481 +/- 0.50354 L(80 - 100) 
sig_Mass_sigmaL =  4.9012 +/- 0.65879 L(1 - 15) 
sig_Mass_sigmaR =  2.3830 +/- 0.40825 L(1 - 15) 
sig_Mass_alphaL =  0.22151 +/- 0.10000 C L(0 - 1000) 
sig_Mass_alphaR =  0.18876 +/- 0.030398 L(0 - 1000) 
bkg_Mass_exp = -0.0966162 +/- 0.0057942 L(-100 - 0) 
N_sig =  285.65 +/- 20.676 L(0 - 1e+07) 
N_bkg =  691.32 +/- 28.865 L(-100 - 1e+06) 

   [Observables]
