
   [Parameters]
sig_Mass_mean =  91.805 +/- 0.054501 L(85 - 100) 
sig_Mass_sigmaL =  3.9296 +/- 0.047138 L(1 - 5) 
sig_Mass_sigmaR =  2.3615 +/- 0.042369 L(1 - 5) 
sig_Mass_alphaL =  0.22151 +/- 0.10000 C L(0 - 1000) 
sig_Mass_alphaR =  0.21607 +/- 0.0047594 L(0 - 1000) 
bkg_Mass_exp = -0.0221750 +/- 0.0074409 L(-100 - 0) 
N_sig =  37665 +/- 282.13 L(0 - 1e+07) 
N_bkg =  1203.6 +/- 207.59 L(-100 - 1e+06) 

   [Observables]

mass  =  90 C L(60 - 120)      // [GeV]
