
   [Parameters]
sig_Mass_mean =  91.402 +/- 2.2332 L(80 - 100) 
sig_Mass_sigmaL =  7.7450 +/- 1.5203 L(1 - 15) 
sig_Mass_sigmaR =  3.3546 +/- 1.6186 L(1 - 15) 
sig_Mass_alphaL =  0.22151 +/- 0.10000 C L(0 - 1000) 
sig_Mass_alphaR =  0.58839 +/- 0.097513 L(0 - 1000) 
bkg_Mass_exp = -0.202457 +/- 0.039719 L(-100 - 0) 
N_sig =  182.73 +/- 13.914 L(0 - 1e+07) 
N_bkg =  54.267 +/- 8.0704 L(-100 - 1e+06) 

   [Observables]
