
   [Parameters]
sig_Mass_mean =  89.147 +/- 0.11827 L(85 - 100) 
sig_Mass_sigmaL =  5.0000 +/- 0.027619 L(1 - 5) 
sig_Mass_sigmaR =  4.6983 +/- 0.19307 L(1 - 5) 
sig_Mass_alphaL =  0.22151 +/- 0.10000 C L(0 - 1000) 
sig_Mass_alphaR =  0.032506 +/- 0.034154 L(0 - 1000) 
bkg_Mass_exp = -0.0191549 +/- 0.00035576 L(-100 - 0) 
N_sig =  19293 +/- 271.66 L(0 - 1e+07) 
N_bkg =  39686 +/- 306.74 L(-100 - 1e+06) 

   [Observables]
