
   [Parameters]
sig_Mass_mean =  92.450 +/- 0.086148 L(85 - 100) 
sig_Mass_sigmaL =  4.1277 +/- 0.068037 L(1 - 5) 
sig_Mass_sigmaR =  2.8682 +/- 0.079051 L(1 - 5) 
sig_Mass_alphaL =  0.22151 +/- 0.10000 C L(0 - 1000) 
sig_Mass_alphaR =  0.19395 +/- 0.012163 L(0 - 1000) 
bkg_Mass_exp = -0.0143420 +/- 0.0075959 L(-100 - 0) 
N_sig =  34485 +/- 401.30 L(0 - 1e+07) 
N_bkg =  1937.1 +/- 358.51 L(-100 - 1e+06) 

   [Observables]

mass  =  90 C L(60 - 120)      // [GeV]
