
   [Parameters]
sig_Mass_mean =  90.000 +/- 5.9501 L(85 - 100) 
sig_Mass_sigmaL =  3.5877 +/- 1.6086 L(1 - 5) 
sig_Mass_sigmaR =  3.0037 +/- 1.6829 L(1 - 5) 
sig_Mass_alphaL =  0.22151 +/- 0.10000 C L(0 - 1000) 
sig_Mass_alphaR =  0.14693 +/- 229.78 L(0 - 1000) 
bkg_Mass_exp = -7.00676 +/- 6.9617 L(-100 - 0) 
N_sig =  0.017851 +/- 0.13047 L(0 - 1e+07) 
N_bkg = -100.0000 +/- 0.13057 L(-100 - 1e+06) 

   [Observables]
