   [Parameters]

sig_Mass_mean = 3.1 +/- 1  L(2.5 - 3.5)
sig_Mass_sigmaL = 0.1 +/- 0.33507      L(0.01 - 1) 
sig_Mass_sigmaR = 0.1 +/- 0.38500      L(0.01 - 1) 
sig_Mass_alphaL = 0.22151 +/- 0.1       C L(0 - 1000) 
sig_Mass_alphaR = 0.14693 +/- 0.036216  C L(0 - 1000) 

bkg_Mass_p1 =  0.6792 +/- 3.7620         L(-10 - 10)
bkg_Mass_p2 =  0.5 +/- 0.028890          L(-10 - 10)

N_sig =  10000  L(0 - 10000000) 
N_bkg =  1000 L(-100 - 1000000) 


   [Observables]

mass  =  3.1 C L(1.5 - 3.8)      // [GeV]
